idna_subject,checker_type,destination,source,tested_at,session_id
1.0.214.202,AVAILABILITY,domains.list,domains.list,2001-07-01 20:28:50.387828,712809d96b863dfb0ecc47e0
1.1.1.1,AVAILABILITY,domains.list,domains.list,2001-07-01 20:28:50.394208,712809d96b863dfb0ecc47e0
1.1.176.123,AVAILABILITY,domains.list,domains.list,2001-07-01 20:28:50.394761,712809d96b863dfb0ecc47e0
1.1.197.87,AVAILABILITY,domains.list,domains.list,2001-07-01 20:28:50.395321,712809d96b863dfb0ecc47e0
1.1.221.157,AVAILABILITY,domains.list,domains.list,2001-07-01 20:28:50.395878,712809d96b863dfb0ecc47e0
1.10.156.102,AVAILABILITY,domains.list,domains.list,2001-07-01 20:28:50.396446,712809d96b863dfb0ecc47e0
1.10.156.99,AVAILABILITY,domains.list,domains.list,2001-07-01 20:28:50.397018,712809d96b863dfb0ecc47e0
1.10.159.252,AVAILABILITY,domains.list,domains.list,2001-07-01 20:28:50.397603,712809d96b863dfb0ecc47e0
1.10.159.46,AVAILABILITY,domains.list,domains.list,2001-07-01 20:28:50.398204,712809d96b863dfb0ecc47e0
1.100.18.90,AVAILABILITY,domains.list,domains.list,2001-07-01 20:28:50.398820,712809d96b863dfb0ecc47e0
1.101.88.249,AVAILABILITY,domains.list,domains.list,2001-07-01 20:28:50.399473,712809d96b863dfb0ecc47e0
1.109.106.221,AVAILABILITY,domains.list,domains.list,2001-07-01 20:28:50.400109,712809d96b863dfb0ecc47e0
1.109.125.143,AVAILABILITY,domains.list,domains.list,2001-07-01 20:28:50.400760,712809d96b863dfb0ecc47e0
1.109.26.76,AVAILABILITY,domains.list,domains.list,2001-07-01 20:28:50.401430,712809d96b863dfb0ecc47e0
1.11.201.19,AVAILABILITY,domains.list,domains.list,2001-07-01 20:28:50.402109,712809d96b863dfb0ecc47e0
1.119.0.247,AVAILABILITY,domains.list,domains.list,2001-07-01 20:28:50.402801,712809d96b863dfb0ecc47e0
1.119.10.198,AVAILABILITY,domains.list,domains.list,2001-07-01 20:28:50.403536,712809d96b863dfb0ecc47e0
1.119.12.115,AVAILABILITY,domains.list,domains.list,2001-07-01 20:28:50.404258,712809d96b863dfb0ecc47e0
1.119.128.170,AVAILABILITY,domains.list,domains.list,2001-07-01 20:28:50.404991,712809d96b863dfb0ecc47e0
1.119.140.98,AVAILABILITY,domains.list,domains.list,2001-07-01 20:28:50.405741,712809d96b863dfb0ecc47e0
1.119.145.114,AVAILABILITY,domains.list,domains.list,2001-07-01 20:28:50.406509,712809d96b863dfb0ecc47e0
1.119.145.66,AVAILABILITY,domains.list,domains.list,2001-07-01 20:28:50.407309,712809d96b863dfb0ecc47e0
1.119.146.18,AVAILABILITY,domains.list,domains.list,2001-07-01 20:28:50.408103,712809d96b863dfb0ecc47e0
1.119.146.187,AVAILABILITY,domains.list,domains.list,2001-07-01 20:28:50.408909,712809d96b863dfb0ecc47e0
1.119.192.195,AVAILABILITY,domains.list,domains.list,2001-07-01 20:28:50.409729,712809d96b863dfb0ecc47e0
1.119.3.58,AVAILABILITY,domains.list,domains.list,2001-07-01 20:28:50.410568,712809d96b863dfb0ecc47e0
1.119.4.99,AVAILABILITY,domains.list,domains.list,2001-07-01 20:28:50.411447,712809d96b863dfb0ecc47e0
1.119.43.90,AVAILABILITY,domains.list,domains.list,2001-07-01 20:28:50.412306,712809d96b863dfb0ecc47e0
1.119.55.10,AVAILABILITY,domains.list,domains.list,2001-07-01 20:28:50.413175,712809d96b863dfb0ecc47e0
1.122.213.206,AVAILABILITY,domains.list,domains.list,2001-07-01 20:28:50.414065,712809d96b863dfb0ecc47e0
1.123.152.229,AVAILABILITY,domains.list,domains.list,2001-07-01 20:28:50.414988,712809d96b863dfb0ecc47e0
1.144.196.99,AVAILABILITY,domains.list,domains.list,2001-07-01 20:28:50.415909,712809d96b863dfb0ecc47e0
1.160.113.250,AVAILABILITY,domains.list,domains.list,2001-07-01 20:28:50.416836,712809d96b863dfb0ecc47e0
1.160.113.47,AVAILABILITY,domains.list,domains.list,2001-07-01 20:28:50.417771,712809d96b863dfb0ecc47e0
1.160.113.79,AVAILABILITY,domains.list,domains.list,2001-07-01 20:28:50.418725,712809d96b863dfb0ecc47e0
1.160.115.145,AVAILABILITY,domains.list,domains.list,2001-07-01 20:28:50.419728,712809d96b863dfb0ecc47e0
1.160.116.146,AVAILABILITY,domains.list,domains.list,2001-07-01 20:28:50.420719,712809d96b863dfb0ecc47e0
1.160.117.16,AVAILABILITY,domains.list,domains.list,2001-07-01 20:28:50.421724,712809d96b863dfb0ecc47e0
1.160.122.233,AVAILABILITY,domains.list,domains.list,2001-07-01 20:28:50.422744,712809d96b863dfb0ecc47e0
1.160.124.53,AVAILABILITY,domains.list,domains.list,2001-07-01 20:28:50.423838,712809d96b863dfb0ecc47e0
1.160.125.195,AVAILABILITY,domains.list,domains.list,2001-07-01 20:28:50.424884,712809d96b863dfb0ecc47e0
1.160.125.230,AVAILABILITY,domains.list,domains.list,2001-07-01 20:28:50.425945,712809d96b863dfb0ecc47e0
1.160.126.218,AVAILABILITY,domains.list,domains.list,2001-07-01 20:28:50.427035,712809d96b863dfb0ecc47e0
1.160.142.243,AVAILABILITY,domains.list,domains.list,2001-07-01 20:28:50.428132,712809d96b863dfb0ecc47e0
1.160.155.126,AVAILABILITY,domains.list,domains.list,2001-07-01 20:28:50.429231,712809d96b863dfb0ecc47e0
1.160.2.186,AVAILABILITY,domains.list,domains.list,2001-07-01 20:28:50.430346,712809d96b863dfb0ecc47e0
1.160.2.29,AVAILABILITY,domains.list,domains.list,2001-07-01 20:28:50.431496,712809d96b863dfb0ecc47e0
1.160.203.166,AVAILABILITY,domains.list,domains.list,2001-07-01 20:28:50.432625,712809d96b863dfb0ecc47e0
1.160.210.130,AVAILABILITY,domains.list,domains.list,2001-07-01 20:28:50.433778,712809d96b863dfb0ecc47e0
1.160.22.116,AVAILABILITY,domains.list,domains.list,2001-07-01 20:28:50.434959,712809d96b863dfb0ecc47e0
1.160.26.243,AVAILABILITY,domains.list,domains.list,2001-07-01 20:28:50.436154,712809d96b863dfb0ecc47e0
1.160.34.151,AVAILABILITY,domains.list,domains.list,2001-07-01 20:28:50.437340,712809d96b863dfb0ecc47e0
1.160.38.196,AVAILABILITY,domains.list,domains.list,2001-07-01 20:28:50.438532,712809d96b863dfb0ecc47e0
1.160.40.155,AVAILABILITY,domains.list,domains.list,2001-07-01 20:28:50.439761,712809d96b863dfb0ecc47e0
1.160.40.50,AVAILABILITY,domains.list,domains.list,2001-07-01 20:28:50.440983,712809d96b863dfb0ecc47e0
1.160.41.159,AVAILABILITY,domains.list,domains.list,2001-07-01 20:28:50.442224,712809d96b863dfb0ecc47e0
1.160.56.233,AVAILABILITY,domains.list,domains.list,2001-07-01 20:28:50.443512,712809d96b863dfb0ecc47e0
1.160.83.180,AVAILABILITY,domains.list,domains.list,2001-07-01 20:28:50.444781,712809d96b863dfb0ecc47e0
1.160.83.249,AVAILABILITY,domains.list,domains.list,2001-07-01 20:28:50.446065,712809d96b863dfb0ecc47e0
1.160.83.69,AVAILABILITY,domains.list,domains.list,2001-07-01 20:28:50.447386,712809d96b863dfb0ecc47e0
1.160.84.65,AVAILABILITY,domains.list,domains.list,2001-07-01 20:28:50.448685,712809d96b863dfb0ecc47e0
1.160.87.179,AVAILABILITY,domains.list,domains.list,2001-07-01 20:28:50.450004,712809d96b863dfb0ecc47e0
1.160.90.221,AVAILABILITY,domains.list,domains.list,2001-07-01 20:28:50.451372,712809d96b863dfb0ecc47e0
1.161.160.158,AVAILABILITY,domains.list,domains.list,2001-07-01 20:28:50.452726,712809d96b863dfb0ecc47e0
1.161.172.24,AVAILABILITY,domains.list,domains.list,2001-07-01 20:28:50.454092,712809d96b863dfb0ecc47e0
1.161.178.69,AVAILABILITY,domains.list,domains.list,2001-07-01 20:28:50.455486,712809d96b863dfb0ecc47e0
1.161.190.233,AVAILABILITY,domains.list,domains.list,2001-07-01 20:28:50.456882,712809d96b863dfb0ecc47e0
1.161.21.101,AVAILABILITY,domains.list,domains.list,2001-07-01 20:28:50.458290,712809d96b863dfb0ecc47e0
1.161.21.48,AVAILABILITY,domains.list,domains.list,2001-07-01 20:28:50.459734,712809d96b863dfb0ecc47e0
1.161.225.48,AVAILABILITY,domains.list,domains.list,2001-07-01 20:28:50.461167,712809d96b863dfb0ecc47e0
1.161.226.145,AVAILABILITY,domains.list,domains.list,2001-07-01 20:28:50.462623,712809d96b863dfb0ecc47e0
1.161.230.175,AVAILABILITY,domains.list,domains.list,2001-07-01 20:28:50.464104,712809d96b863dfb0ecc47e0
1.161.232.28,AVAILABILITY,domains.list,domains.list,2001-07-01 20:28:50.465590,712809d96b863dfb0ecc47e0
1.161.234.240,AVAILABILITY,domains.list,domains.list,2001-07-01 20:28:50.467102,712809d96b863dfb0ecc47e0
1.161.237.126,AVAILABILITY,domains.list,domains.list,2001-07-01 20:28:50.468618,712809d96b863dfb0ecc47e0
1.161.238.29,AVAILABILITY,domains.list,domains.list,2001-07-01 20:28:50.470132,712809d96b863dfb0ecc47e0
1.161.24.172,AVAILABILITY,domains.list,domains.list,2001-07-01 20:28:50.471686,712809d96b863dfb0ecc47e0
1.161.25.127,AVAILABILITY,domains.list,domains.list,2001-07-01 20:28:50.473272,712809d96b863dfb0ecc47e0
1.161.29.141,AVAILABILITY,domains.list,domains.list,2001-07-01 20:28:50.474866,712809d96b863dfb0ecc47e0
1.161.90.177,AVAILABILITY,domains.list,domains.list,2001-07-01 20:28:50.476467,712809d96b863dfb0ecc47e0
1.162.138.214,AVAILABILITY,domains.list,domains.list,2001-07-01 20:28:50.478059,712809d96b863dfb0ecc47e0
1.162.140.191,AVAILABILITY,domains.list,domains.list,2001-07-01 20:28:50.479693,712809d96b863dfb0ecc47e0
1.162.170.38,AVAILABILITY,domains.list,domains.list,2001-07-01 20:28:50.481327,712809d96b863dfb0ecc47e0
1.162.173.73,AVAILABILITY,domains.list,domains.list,2001-07-01 20:28:50.482994,712809d96b863dfb0ecc47e0
1.162.174.37,AVAILABILITY,domains.list,domains.list,2001-07-01 20:28:50.484667,712809d96b863dfb0ecc47e0
1.162.178.160,AVAILABILITY,domains.list,domains.list,2001-07-01 20:28:50.486350,712809d96b863dfb0ecc47e0
1.162.182.3,AVAILABILITY,domains.list,domains.list,2001-07-01 20:28:50.488055,712809d96b863dfb0ecc47e0
1.162.220.86,AVAILABILITY,domains.list,domains.list,2001-07-01 20:28:50.489752,712809d96b863dfb0ecc47e0
1.162.232.106,AVAILABILITY,domains.list,domains.list,2001-07-01 20:28:50.491494,712809d96b863dfb0ecc47e0
1.162.236.75,AVAILABILITY,domains.list,domains.list,2001-07-01 20:28:50.493217,712809d96b863dfb0ecc47e0
1.162.237.96,AVAILABILITY,domains.list,domains.list,2001-07-01 20:28:50.494968,712809d96b863dfb0ecc47e0
1.162.238.151,AVAILABILITY,domains.list,domains.list,2001-07-01 20:28:50.496734,712809d96b863dfb0ecc47e0
1.162.238.235,AVAILABILITY,domains.list,domains.list,2001-07-01 20:28:50.498501,712809d96b863dfb0ecc47e0
1.162.43.114,AVAILABILITY,domains.list,domains.list,2001-07-01 20:28:50.500305,712809d96b863dfb0ecc47e0
1.162.43.177,AVAILABILITY,domains.list,domains.list,2001-07-01 20:28:50.502103,712809d96b863dfb0ecc47e0
1.162.43.204,AVAILABILITY,domains.list,domains.list,2001-07-01 20:28:50.503925,712809d96b863dfb0ecc47e0
1.162.43.50,AVAILABILITY,domains.list,domains.list,2001-07-01 20:28:50.505752,712809d96b863dfb0ecc47e0
1.162.45.228,AVAILABILITY,domains.list,domains.list,2001-07-01 20:28:50.507604,712809d96b863dfb0ecc47e0
1.162.49.50,AVAILABILITY,domains.list,domains.list,2001-07-01 20:28:50.509457,712809d96b863dfb0ecc47e0
1.162.50.153,AVAILABILITY,domains.list,domains.list,2001-07-01 20:28:50.511331,712809d96b863dfb0ecc47e0
1.162.50.91,AVAILABILITY,domains.list,domains.list,2001-07-01 20:28:50.513202,712809d96b863dfb0ecc47e0
1.162.52.108,AVAILABILITY,domains.list,domains.list,2001-07-01 20:28:50.515101,712809d96b863dfb0ecc47e0
1.162.53.86,AVAILABILITY,domains.list,domains.list,2001-07-01 20:28:50.517004,712809d96b863dfb0ecc47e0
1.162.54.91,AVAILABILITY,domains.list,domains.list,2001-07-01 20:28:50.518923,712809d96b863dfb0ecc47e0
1.162.56.253,AVAILABILITY,domains.list,domains.list,2001-07-01 20:28:50.520853,712809d96b863dfb0ecc47e0
1.162.59.145,AVAILABILITY,domains.list,domains.list,2001-07-01 20:28:50.522789,712809d96b863dfb0ecc47e0
1.162.59.98,AVAILABILITY,domains.list,domains.list,2001-07-01 20:28:50.524781,712809d96b863dfb0ecc47e0
1.162.60.28,AVAILABILITY,domains.list,domains.list,2001-07-01 20:28:50.526754,712809d96b863dfb0ecc47e0
1.162.61.60,AVAILABILITY,domains.list,domains.list,2001-07-01 20:28:50.528762,712809d96b863dfb0ecc47e0
1.162.63.119,AVAILABILITY,domains.list,domains.list,2001-07-01 20:28:50.530758,712809d96b863dfb0ecc47e0
1.162.63.33,AVAILABILITY,domains.list,domains.list,2001-07-01 20:28:50.532779,712809d96b863dfb0ecc47e0
1.162.64.54,AVAILABILITY,domains.list,domains.list,2001-07-01 20:28:50.534787,712809d96b863dfb0ecc47e0
1.162.64.70,AVAILABILITY,domains.list,domains.list,2001-07-01 20:28:50.536880,712809d96b863dfb0ecc47e0
1.162.68.96,AVAILABILITY,domains.list,domains.list,2001-07-01 20:28:50.538934,712809d96b863dfb0ecc47e0
1.162.69.194,AVAILABILITY,domains.list,domains.list,2001-07-01 20:28:50.540986,712809d96b863dfb0ecc47e0
1.162.72.166,AVAILABILITY,domains.list,domains.list,2001-07-01 20:28:50.543074,712809d96b863dfb0ecc47e0
1.162.73.72,AVAILABILITY,domains.list,domains.list,2001-07-01 20:28:50.545174,712809d96b863dfb0ecc47e0
1.162.73.87,AVAILABILITY,domains.list,domains.list,2001-07-01 20:28:50.547331,712809d96b863dfb0ecc47e0
1.162.77.81,AVAILABILITY,domains.list,domains.list,2001-07-01 20:28:50.549452,712809d96b863dfb0ecc47e0
1.162.92.100,AVAILABILITY,domains.list,domains.list,2001-07-01 20:28:50.551600,712809d96b863dfb0ecc47e0
1.163.139.151,AVAILABILITY,domains.list,domains.list,2001-07-01 20:28:50.553753,712809d96b863dfb0ecc47e0
1.163.14.24,AVAILABILITY,domains.list,domains.list,2001-07-01 20:28:50.555911,712809d96b863dfb0ecc47e0
1.163.163.123,AVAILABILITY,domains.list,domains.list,2001-07-01 20:28:50.558061,712809d96b863dfb0ecc47e0
1.163.171.33,AVAILABILITY,domains.list,domains.list,2001-07-01 20:28:50.560285,712809d96b863dfb0ecc47e0
1.163.173.224,AVAILABILITY,domains.list,domains.list,2001-07-01 20:28:50.562470,712809d96b863dfb0ecc47e0
1.163.174.40,AVAILABILITY,domains.list,domains.list,2001-07-01 20:28:50.564706,712809d96b863dfb0ecc47e0
1.163.175.153,AVAILABILITY,domains.list,domains.list,2001-07-01 20:28:50.566990,712809d96b863dfb0ecc47e0
1.163.176.133,AVAILABILITY,domains.list,domains.list,2001-07-01 20:28:50.569259,712809d96b863dfb0ecc47e0
1.163.176.63,AVAILABILITY,domains.list,domains.list,2001-07-01 20:28:50.571527,712809d96b863dfb0ecc47e0
1.163.178.66,AVAILABILITY,domains.list,domains.list,2001-07-01 20:28:50.573803,712809d96b863dfb0ecc47e0
1.163.179.189,AVAILABILITY,domains.list,domains.list,2001-07-01 20:28:50.576140,712809d96b863dfb0ecc47e0
1.163.181.168,AVAILABILITY,domains.list,domains.list,2001-07-01 20:28:50.578432,712809d96b863dfb0ecc47e0
1.163.181.85,AVAILABILITY,domains.list,domains.list,2001-07-01 20:28:50.580770,712809d96b863dfb0ecc47e0
1.163.182.119,AVAILABILITY,domains.list,domains.list,2001-07-01 20:28:50.583120,712809d96b863dfb0ecc47e0
1.163.190.9,AVAILABILITY,domains.list,domains.list,2001-07-01 20:28:50.585452,712809d96b863dfb0ecc47e0
1.163.222.223,AVAILABILITY,domains.list,domains.list,2001-07-01 20:28:50.587842,712809d96b863dfb0ecc47e0
1.163.228.87,AVAILABILITY,domains.list,domains.list,2001-07-01 20:28:50.590217,712809d96b863dfb0ecc47e0
1.163.229.83,AVAILABILITY,domains.list,domains.list,2001-07-01 20:28:50.592625,712809d96b863dfb0ecc47e0
1.163.233.192,AVAILABILITY,domains.list,domains.list,2001-07-01 20:28:50.595051,712809d96b863dfb0ecc47e0
1.163.25.100,AVAILABILITY,domains.list,domains.list,2001-07-01 20:28:50.597465,712809d96b863dfb0ecc47e0
1.163.26.43,AVAILABILITY,domains.list,domains.list,2001-07-01 20:28:50.599915,712809d96b863dfb0ecc47e0
1.163.31.117,AVAILABILITY,domains.list,domains.list,2001-07-01 20:28:50.602354,712809d96b863dfb0ecc47e0
1.163.35.16,AVAILABILITY,domains.list,domains.list,2001-07-01 20:28:50.604825,712809d96b863dfb0ecc47e0
1.163.35.175,AVAILABILITY,domains.list,domains.list,2001-07-01 20:28:50.607310,712809d96b863dfb0ecc47e0
1.163.35.83,AVAILABILITY,domains.list,domains.list,2001-07-01 20:28:50.609812,712809d96b863dfb0ecc47e0
1.163.44.212,AVAILABILITY,domains.list,domains.list,2001-07-01 20:28:50.612330,712809d96b863dfb0ecc47e0
1.163.54.128,AVAILABILITY,domains.list,domains.list,2001-07-01 20:28:50.614839,712809d96b863dfb0ecc47e0
1.163.55.204,AVAILABILITY,domains.list,domains.list,2001-07-01 20:28:50.617387,712809d96b863dfb0ecc47e0
1.163.80.35,AVAILABILITY,domains.list,domains.list,2001-07-01 20:28:50.619934,712809d96b863dfb0ecc47e0
1.163.82.165,AVAILABILITY,domains.list,domains.list,2001-07-01 20:28:50.622479,712809d96b863dfb0ecc47e0
1.163.82.37,AVAILABILITY,domains.list,domains.list,2001-07-01 20:28:50.625053,712809d96b863dfb0ecc47e0
1.163.84.48,AVAILABILITY,domains.list,domains.list,2001-07-01 20:28:50.627650,712809d96b863dfb0ecc47e0
1.163.87.252,AVAILABILITY,domains.list,domains.list,2001-07-01 20:28:50.630248,712809d96b863dfb0ecc47e0
1.164.101.20,AVAILABILITY,domains.list,domains.list,2001-07-01 20:28:50.632873,712809d96b863dfb0ecc47e0
1.164.120.251,AVAILABILITY,domains.list,domains.list,2001-07-01 20:28:50.635517,712809d96b863dfb0ecc47e0
1.164.122.177,AVAILABILITY,domains.list,domains.list,2001-07-01 20:28:50.638173,712809d96b863dfb0ecc47e0
1.164.122.81,AVAILABILITY,domains.list,domains.list,2001-07-01 20:28:50.640864,712809d96b863dfb0ecc47e0
1.164.123.134,AVAILABILITY,domains.list,domains.list,2001-07-01 20:28:50.643566,712809d96b863dfb0ecc47e0
1.164.123.2,AVAILABILITY,domains.list,domains.list,2001-07-01 20:28:50.646260,712809d96b863dfb0ecc47e0
1.164.124.248,AVAILABILITY,domains.list,domains.list,2001-07-01 20:28:50.648971,712809d96b863dfb0ecc47e0
1.164.127.219,AVAILABILITY,domains.list,domains.list,2001-07-01 20:28:50.651684,712809d96b863dfb0ecc47e0
1.164.128.251,AVAILABILITY,domains.list,domains.list,2001-07-01 20:28:50.654411,712809d96b863dfb0ecc47e0
1.164.128.54,AVAILABILITY,domains.list,domains.list,2001-07-01 20:28:50.657172,712809d96b863dfb0ecc47e0
1.164.129.244,AVAILABILITY,domains.list,domains.list,2001-07-01 20:28:50.659959,712809d96b863dfb0ecc47e0
1.164.129.68,AVAILABILITY,domains.list,domains.list,2001-07-01 20:28:50.662721,712809d96b863dfb0ecc47e0
1.164.130.67,AVAILABILITY,domains.list,domains.list,2001-07-01 20:28:50.665509,712809d96b863dfb0ecc47e0
1.164.131.81,AVAILABILITY,domains.list,domains.list,2001-07-01 20:28:50.668343,712809d96b863dfb0ecc47e0
1.164.132.245,AVAILABILITY,domains.list,domains.list,2001-07-01 20:28:50.671167,712809d96b863dfb0ecc47e0
1.164.135.149,AVAILABILITY,domains.list,domains.list,2001-07-01 20:28:50.673975,712809d96b863dfb0ecc47e0
1.164.135.169,AVAILABILITY,domains.list,domains.list,2001-07-01 20:28:50.676832,712809d96b863dfb0ecc47e0
1.164.135.188,AVAILABILITY,domains.list,domains.list,2001-07-01 20:28:50.679722,712809d96b863dfb0ecc47e0
1.164.146.149,AVAILABILITY,domains.list,domains.list,2001-07-01 20:28:50.682568,712809d96b863dfb0ecc47e0
1.164.149.199,AVAILABILITY,domains.list,domains.list,2001-07-01 20:28:50.685459,712809d96b863dfb0ecc47e0
1.164.194.23,AVAILABILITY,domains.list,domains.list,2001-07-01 20:28:50.688355,712809d96b863dfb0ecc47e0
1.164.2.143,AVAILABILITY,domains.list,domains.list,2001-07-01 20:28:50.691270,712809d96b863dfb0ecc47e0
1.164.206.30,AVAILABILITY,domains.list,domains.list,2001-07-01 20:28:50.694193,712809d96b863dfb0ecc47e0
1.164.22.115,AVAILABILITY,domains.list,domains.list,2001-07-01 20:28:50.697156,712809d96b863dfb0ecc47e0
1.164.23.132,AVAILABILITY,domains.list,domains.list,2001-07-01 20:28:50.700132,712809d96b863dfb0ecc47e0
1.164.27.194,AVAILABILITY,domains.list,domains.list,2001-07-01 20:28:50.703107,712809d96b863dfb0ecc47e0
1.164.35.102,AVAILABILITY,domains.list,domains.list,2001-07-01 20:28:50.706084,712809d96b863dfb0ecc47e0
1.164.39.68,AVAILABILITY,domains.list,domains.list,2001-07-01 20:28:50.709102,712809d96b863dfb0ecc47e0
1.164.42.218,AVAILABILITY,domains.list,domains.list,2001-07-01 20:28:50.712100,712809d96b863dfb0ecc47e0
1.164.43.19,AVAILABILITY,domains.list,domains.list,2001-07-01 20:28:50.715112,712809d96b863dfb0ecc47e0
1.164.46.175,AVAILABILITY,domains.list,domains.list,2001-07-01 20:28:50.718164,712809d96b863dfb0ecc47e0
1.164.50.195,AVAILABILITY,domains.list,domains.list,2001-07-01 20:28:50.721222,712809d96b863dfb0ecc47e0
1.164.52.182,AVAILABILITY,domains.list,domains.list,2001-07-01 20:28:50.724286,712809d96b863dfb0ecc47e0
1.164.59.68,AVAILABILITY,domains.list,domains.list,2001-07-01 20:28:50.727370,712809d96b863dfb0ecc47e0
1.164.60.1,AVAILABILITY,domains.list,domains.list,2001-07-01 20:28:50.730429,712809d96b863dfb0ecc47e0
1.164.63.157,AVAILABILITY,domains.list,domains.list,2001-07-01 20:28:50.733525,712809d96b863dfb0ecc47e0
1.164.63.79,AVAILABILITY,domains.list,domains.list,2001-07-01 20:28:50.736664,712809d96b863dfb0ecc47e0
1.164.65.129,AVAILABILITY,domains.list,domains.list,2001-07-01 20:28:50.739810,712809d96b863dfb0ecc47e0
1.164.9.109,AVAILABILITY,domains.list,domains.list,2001-07-01 20:28:50.742970,712809d96b863dfb0ecc47e0
1.164.9.96,AVAILABILITY,domains.list,domains.list,2001-07-01 20:28:50.746120,712809d96b863dfb0ecc47e0
1.164.96.85,AVAILABILITY,domains.list,domains.list,2001-07-01 20:28:50.749286,712809d96b863dfb0ecc47e0
1.165.105.114,AVAILABILITY,domains.list,domains.list,2001-07-01 20:28:50.752484,712809d96b863dfb0ecc47e0
1.165.117.44,AVAILABILITY,domains.list,domains.list,2001-07-01 20:28:50.755705,712809d96b863dfb0ecc47e0
1.165.119.219,AVAILABILITY,domains.list,domains.list,2001-07-01 20:28:50.758912,712809d96b863dfb0ecc47e0
1.165.120.176,AVAILABILITY,domains.list,domains.list,2001-07-01 20:28:50.762133,712809d96b863dfb0ecc47e0
1.165.122.135,AVAILABILITY,domains.list,domains.list,2001-07-01 20:28:50.765385,712809d96b863dfb0ecc47e0
1.165.122.219,AVAILABILITY,domains.list,domains.list,2001-07-01 20:28:50.768653,712809d96b863dfb0ecc47e0
1.165.123.135,AVAILABILITY,domains.list,domains.list,2001-07-01 20:28:50.771939,712809d96b863dfb0ecc47e0
1.165.124.115,AVAILABILITY,domains.list,domains.list,2001-07-01 20:28:50.775211,712809d96b863dfb0ecc47e0
1.165.139.179,AVAILABILITY,domains.list,domains.list,2001-07-01 20:28:50.778483,712809d96b863dfb0ecc47e0
1.165.165.146,AVAILABILITY,domains.list,domains.list,2001-07-01 20:28:50.781796,712809d96b863dfb0ecc47e0
1.165.165.202,AVAILABILITY,domains.list,domains.list,2001-07-01 20:28:50.785129,712809d96b863dfb0ecc47e0
1.165.177.115,AVAILABILITY,domains.list,domains.list,2001-07-01 20:28:50.788495,712809d96b863dfb0ecc47e0
1.165.177.47,AVAILABILITY,domains.list,domains.list,2001-07-01 20:28:50.791860,712809d96b863dfb0ecc47e0
1.165.182.206,AVAILABILITY,domains.list,domains.list,2001-07-01 20:28:50.795208,712809d96b863dfb0ecc47e0
1.165.188.214,AVAILABILITY,domains.list,domains.list,2001-07-01 20:28:50.798576,712809d96b863dfb0ecc47e0
1.165.189.233,AVAILABILITY,domains.list,domains.list,2001-07-01 20:28:50.801970,712809d96b863dfb0ecc47e0
1.165.19.162,AVAILABILITY,domains.list,domains.list,2001-07-01 20:28:50.805385,712809d96b863dfb0ecc47e0
1.165.193.74,AVAILABILITY,domains.list,domains.list,2001-07-01 20:28:50.808806,712809d96b863dfb0ecc47e0
1.165.210.220,AVAILABILITY,domains.list,domains.list,2001-07-01 20:28:50.812263,712809d96b863dfb0ecc47e0
1.165.23.248,AVAILABILITY,domains.list,domains.list,2001-07-01 20:28:50.815720,712809d96b863dfb0ecc47e0
1.165.27.154,AVAILABILITY,domains.list,domains.list,2001-07-01 20:28:50.819172,712809d96b863dfb0ecc47e0
1.165.27.227,AVAILABILITY,domains.list,domains.list,2001-07-01 20:28:50.822638,712809d96b863dfb0ecc47e0
1.168.119.218,AVAILABILITY,domains.list,domains.list,2001-07-01 20:28:50.826160,712809d96b863dfb0ecc47e0
1.168.20.69,AVAILABILITY,domains.list,domains.list,2001-07-01 20:28:50.829737,712809d96b863dfb0ecc47e0
1.168.230.13,AVAILABILITY,domains.list,domains.list,2001-07-01 20:28:50.833283,712809d96b863dfb0ecc47e0
1.169.10.54,AVAILABILITY,domains.list,domains.list,2001-07-01 20:28:50.836833,712809d96b863dfb0ecc47e0
1.169.138.19,AVAILABILITY,domains.list,domains.list,2001-07-01 20:28:50.840397,712809d96b863dfb0ecc47e0
1.169.143.86,AVAILABILITY,domains.list,domains.list,2001-07-01 20:28:50.843989,712809d96b863dfb0ecc47e0
1.169.251.147,AVAILABILITY,domains.list,domains.list,2001-07-01 20:28:50.847589,712809d96b863dfb0ecc47e0
1.169.43.203,AVAILABILITY,domains.list,domains.list,2001-07-01 20:28:50.851212,712809d96b863dfb0ecc47e0
1.169.5.174,AVAILABILITY,domains.list,domains.list,2001-07-01 20:28:50.854823,712809d96b863dfb0ecc47e0
1.169.57.103,AVAILABILITY,domains.list,domains.list,2001-07-01 20:28:50.858468,712809d96b863dfb0ecc47e0
1.169.58.136,AVAILABILITY,domains.list,domains.list,2001-07-01 20:28:50.862118,712809d96b863dfb0ecc47e0
1.169.59.3,AVAILABILITY,domains.list,domains.list,2001-07-01 20:28:50.865786,712809d96b863dfb0ecc47e0
1.169.62.149,AVAILABILITY,domains.list,domains.list,2001-07-01 20:28:50.869451,712809d96b863dfb0ecc47e0
1.169.62.185,AVAILABILITY,domains.list,domains.list,2001-07-01 20:28:50.873136,712809d96b863dfb0ecc47e0
1.169.62.51,AVAILABILITY,domains.list,domains.list,2001-07-01 20:28:50.876829,712809d96b863dfb0ecc47e0
1.169.62.75,AVAILABILITY,domains.list,domains.list,2001-07-01 20:28:50.880518,712809d96b863dfb0ecc47e0
1.169.65.151,AVAILABILITY,domains.list,domains.list,2001-07-01 20:28:50.884234,712809d96b863dfb0ecc47e0
1.169.67.115,AVAILABILITY,domains.list,domains.list,2001-07-01 20:28:50.887989,712809d96b863dfb0ecc47e0
1.169.73.70,AVAILABILITY,domains.list,domains.list,2001-07-01 20:28:50.891768,712809d96b863dfb0ecc47e0
1.169.78.75,AVAILABILITY,domains.list,domains.list,2001-07-01 20:28:50.895541,712809d96b863dfb0ecc47e0
1.169.95.119,AVAILABILITY,domains.list,domains.list,2001-07-01 20:28:50.899311,712809d96b863dfb0ecc47e0
1.170.144.69,AVAILABILITY,domains.list,domains.list,2001-07-01 20:28:50.903112,712809d96b863dfb0ecc47e0
1.170.145.56,AVAILABILITY,domains.list,domains.list,2001-07-01 20:28:50.906957,712809d96b863dfb0ecc47e0
1.170.195.196,AVAILABILITY,domains.list,domains.list,2001-07-01 20:28:50.910772,712809d96b863dfb0ecc47e0
1.170.198.141,AVAILABILITY,domains.list,domains.list,2001-07-01 20:28:50.914648,712809d96b863dfb0ecc47e0
1.170.209.121,AVAILABILITY,domains.list,domains.list,2001-07-01 20:28:50.918488,712809d96b863dfb0ecc47e0
1.170.220.28,AVAILABILITY,domains.list,domains.list,2001-07-01 20:28:50.922362,712809d96b863dfb0ecc47e0
1.170.221.86,AVAILABILITY,domains.list,domains.list,2001-07-01 20:28:50.926233,712809d96b863dfb0ecc47e0
1.170.223.140,AVAILABILITY,domains.list,domains.list,2001-07-01 20:28:50.930175,712809d96b863dfb0ecc47e0
1.170.23.148,AVAILABILITY,domains.list,domains.list,2001-07-01 20:28:50.934115,712809d96b863dfb0ecc47e0
1.170.4.23,AVAILABILITY,domains.list,domains.list,2001-07-01 20:28:50.938030,712809d96b863dfb0ecc47e0
1.170.52.191,AVAILABILITY,domains.list,domains.list,2001-07-01 20:28:50.941959,712809d96b863dfb0ecc47e0
1.170.55.35,AVAILABILITY,domains.list,domains.list,2001-07-01 20:28:50.945951,712809d96b863dfb0ecc47e0
1.170.60.160,AVAILABILITY,domains.list,domains.list,2001-07-01 20:28:50.949948,712809d96b863dfb0ecc47e0
1.170.61.118,AVAILABILITY,domains.list,domains.list,2001-07-01 20:28:50.953940,712809d96b863dfb0ecc47e0
1.170.61.155,AVAILABILITY,domains.list,domains.list,2001-07-01 20:28:50.957923,712809d96b863dfb0ecc47e0
1.170.93.122,AVAILABILITY,domains.list,domains.list,2001-07-01 20:28:50.961945,712809d96b863dfb0ecc47e0
1.171.101.230,AVAILABILITY,domains.list,domains.list,2001-07-01 20:28:50.966018,712809d96b863dfb0ecc47e0
1.171.103.114,AVAILABILITY,domains.list,domains.list,2001-07-01 20:28:50.970048,712809d96b863dfb0ecc47e0
1.171.103.72,AVAILABILITY,domains.list,domains.list,2001-07-01 20:28:50.974087,712809d96b863dfb0ecc47e0
1.171.13.180,AVAILABILITY,domains.list,domains.list,2001-07-01 20:28:50.978148,712809d96b863dfb0ecc47e0
1.171.136.193,AVAILABILITY,domains.list,domains.list,2001-07-01 20:28:50.982224,712809d96b863dfb0ecc47e0
1.171.152.8,AVAILABILITY,domains.list,domains.list,2001-07-01 20:28:50.987314,712809d96b863dfb0ecc47e0
1.171.154.129,AVAILABILITY,domains.list,domains.list,2001-07-01 20:28:50.992383,712809d96b863dfb0ecc47e0
1.171.154.192,AVAILABILITY,domains.list,domains.list,2001-07-01 20:28:50.996492,712809d96b863dfb0ecc47e0
1.171.154.218,AVAILABILITY,domains.list,domains.list,2001-07-01 20:28:51.000651,712809d96b863dfb0ecc47e0
1.171.155.153,AVAILABILITY,domains.list,domains.list,2001-07-01 20:28:51.004808,712809d96b863dfb0ecc47e0
1.171.156.197,AVAILABILITY,domains.list,domains.list,2001-07-01 20:28:51.009343,712809d96b863dfb0ecc47e0
1.171.156.198,AVAILABILITY,domains.list,domains.list,2001-07-01 20:28:51.015661,712809d96b863dfb0ecc47e0
1.171.157.111,AVAILABILITY,domains.list,domains.list,2001-07-01 20:28:51.019872,712809d96b863dfb0ecc47e0
1.171.158.202,AVAILABILITY,domains.list,domains.list,2001-07-01 20:28:51.024086,712809d96b863dfb0ecc47e0
1.171.158.218,AVAILABILITY,domains.list,domains.list,2001-07-01 20:28:51.028319,712809d96b863dfb0ecc47e0
1.171.158.67,AVAILABILITY,domains.list,domains.list,2001-07-01 20:28:51.032544,712809d96b863dfb0ecc47e0
1.171.159.245,AVAILABILITY,domains.list,domains.list,2001-07-01 20:28:51.036782,712809d96b863dfb0ecc47e0
1.171.161.187,AVAILABILITY,domains.list,domains.list,2001-07-01 20:28:51.041032,712809d96b863dfb0ecc47e0
1.171.162.11,AVAILABILITY,domains.list,domains.list,2001-07-01 20:28:51.045302,712809d96b863dfb0ecc47e0
1.171.162.226,AVAILABILITY,domains.list,domains.list,2001-07-01 20:28:51.049570,712809d96b863dfb0ecc47e0
1.171.162.41,AVAILABILITY,domains.list,domains.list,2001-07-01 20:28:51.053880,712809d96b863dfb0ecc47e0
1.171.163.119,AVAILABILITY,domains.list,domains.list,2001-07-01 20:28:51.058195,712809d96b863dfb0ecc47e0
1.171.163.72,AVAILABILITY,domains.list,domains.list,2001-07-01 20:28:51.062521,712809d96b863dfb0ecc47e0
1.171.164.212,AVAILABILITY,domains.list,domains.list,2001-07-01 20:28:51.066876,712809d96b863dfb0ecc47e0
1.171.164.26,AVAILABILITY,domains.list,domains.list,2001-07-01 20:28:51.071232,712809d96b863dfb0ecc47e0
1.171.164.60,AVAILABILITY,domains.list,domains.list,2001-07-01 20:28:51.075591,712809d96b863dfb0ecc47e0
1.171.165.145,AVAILABILITY,domains.list,domains.list,2001-07-01 20:28:51.079999,712809d96b863dfb0ecc47e0
1.171.165.22,AVAILABILITY,domains.list,domains.list,2001-07-01 20:28:51.084388,712809d96b863dfb0ecc47e0
1.171.167.44,AVAILABILITY,domains.list,domains.list,2001-07-01 20:28:51.088800,712809d96b863dfb0ecc47e0
1.171.168.42,AVAILABILITY,domains.list,domains.list,2001-07-01 20:28:51.093216,712809d96b863dfb0ecc47e0
1.171.169.87,AVAILABILITY,domains.list,domains.list,2001-07-01 20:28:51.097643,712809d96b863dfb0ecc47e0
1.171.170.186,AVAILABILITY,domains.list,domains.list,2001-07-01 20:28:51.102073,712809d96b863dfb0ecc47e0
1.171.170.253,AVAILABILITY,domains.list,domains.list,2001-07-01 20:28:51.106559,712809d96b863dfb0ecc47e0
1.171.171.118,AVAILABILITY,domains.list,domains.list,2001-07-01 20:28:51.111060,712809d96b863dfb0ecc47e0
1.171.171.171,AVAILABILITY,domains.list,domains.list,2001-07-01 20:28:51.115550,712809d96b863dfb0ecc47e0
1.171.171.60,AVAILABILITY,domains.list,domains.list,2001-07-01 20:28:51.120075,712809d96b863dfb0ecc47e0
1.171.171.90,AVAILABILITY,domains.list,domains.list,2001-07-01 20:28:51.124603,712809d96b863dfb0ecc47e0
1.171.173.191,AVAILABILITY,domains.list,domains.list,2001-07-01 20:28:51.129167,712809d96b863dfb0ecc47e0
1.171.173.63,AVAILABILITY,domains.list,domains.list,2001-07-01 20:28:51.133794,712809d96b863dfb0ecc47e0
1.171.174.195,AVAILABILITY,domains.list,domains.list,2001-07-01 20:28:51.138377,712809d96b863dfb0ecc47e0
1.171.175.136,AVAILABILITY,domains.list,domains.list,2001-07-01 20:28:51.143002,712809d96b863dfb0ecc47e0
1.171.175.203,AVAILABILITY,domains.list,domains.list,2001-07-01 20:28:51.147641,712809d96b863dfb0ecc47e0
1.171.175.226,AVAILABILITY,domains.list,domains.list,2001-07-01 20:28:51.152299,712809d96b863dfb0ecc47e0
1.171.175.237,AVAILABILITY,domains.list,domains.list,2001-07-01 20:28:51.156935,712809d96b863dfb0ecc47e0
1.171.176.192,AVAILABILITY,domains.list,domains.list,2001-07-01 20:28:51.161554,712809d96b863dfb0ecc47e0
1.171.176.213,AVAILABILITY,domains.list,domains.list,2001-07-01 20:28:51.166231,712809d96b863dfb0ecc47e0
1.171.178.139,AVAILABILITY,domains.list,domains.list,2001-07-01 20:28:51.170917,712809d96b863dfb0ecc47e0
1.171.179.40,AVAILABILITY,domains.list,domains.list,2001-07-01 20:28:51.175612,712809d96b863dfb0ecc47e0
1.171.180.160,AVAILABILITY,domains.list,domains.list,2001-07-01 20:28:51.180329,712809d96b863dfb0ecc47e0
1.171.181.10,AVAILABILITY,domains.list,domains.list,2001-07-01 20:28:51.185028,712809d96b863dfb0ecc47e0
1.171.181.166,AVAILABILITY,domains.list,domains.list,2001-07-01 20:28:51.189776,712809d96b863dfb0ecc47e0
1.171.182.188,AVAILABILITY,domains.list,domains.list,2001-07-01 20:28:51.194514,712809d96b863dfb0ecc47e0
1.171.182.206,AVAILABILITY,domains.list,domains.list,2001-07-01 20:28:51.199282,712809d96b863dfb0ecc47e0
1.171.223.43,AVAILABILITY,domains.list,domains.list,2001-07-01 20:28:51.204052,712809d96b863dfb0ecc47e0
1.171.30.242,AVAILABILITY,domains.list,domains.list,2001-07-01 20:28:51.208847,712809d96b863dfb0ecc47e0
1.171.31.213,AVAILABILITY,domains.list,domains.list,2001-07-01 20:28:51.213637,712809d96b863dfb0ecc47e0
1.171.40.248,AVAILABILITY,domains.list,domains.list,2001-07-01 20:28:51.218417,712809d96b863dfb0ecc47e0
1.171.41.245,AVAILABILITY,domains.list,domains.list,2001-07-01 20:28:51.223204,712809d96b863dfb0ecc47e0
1.171.43.133,AVAILABILITY,domains.list,domains.list,2001-07-01 20:28:51.228060,712809d96b863dfb0ecc47e0
1.171.43.209,AVAILABILITY,domains.list,domains.list,2001-07-01 20:28:51.232953,712809d96b863dfb0ecc47e0
1.171.44.124,AVAILABILITY,domains.list,domains.list,2001-07-01 20:28:51.237830,712809d96b863dfb0ecc47e0
1.171.44.247,AVAILABILITY,domains.list,domains.list,2001-07-01 20:28:51.242696,712809d96b863dfb0ecc47e0
1.171.44.37,AVAILABILITY,domains.list,domains.list,2001-07-01 20:28:51.247606,712809d96b863dfb0ecc47e0
1.171.45.35,AVAILABILITY,domains.list,domains.list,2001-07-01 20:28:51.252498,712809d96b863dfb0ecc47e0
1.171.46.204,AVAILABILITY,domains.list,domains.list,2001-07-01 20:28:51.257401,712809d96b863dfb0ecc47e0
1.171.46.62,AVAILABILITY,domains.list,domains.list,2001-07-01 20:28:51.262303,712809d96b863dfb0ecc47e0
1.171.47.109,AVAILABILITY,domains.list,domains.list,2001-07-01 20:28:51.267317,712809d96b863dfb0ecc47e0
1.171.48.34,AVAILABILITY,domains.list,domains.list,2001-07-01 20:28:51.272242,712809d96b863dfb0ecc47e0
1.171.49.93,AVAILABILITY,domains.list,domains.list,2001-07-01 20:28:51.277180,712809d96b863dfb0ecc47e0
1.171.50.182,AVAILABILITY,domains.list,domains.list,2001-07-01 20:28:51.282140,712809d96b863dfb0ecc47e0
1.171.50.22,AVAILABILITY,domains.list,domains.list,2001-07-01 20:28:51.287157,712809d96b863dfb0ecc47e0
1.171.51.199,AVAILABILITY,domains.list,domains.list,2001-07-01 20:28:51.292205,712809d96b863dfb0ecc47e0
1.171.51.4,AVAILABILITY,domains.list,domains.list,2001-07-01 20:28:51.297241,712809d96b863dfb0ecc47e0
1.171.52.15,AVAILABILITY,domains.list,domains.list,2001-07-01 20:28:51.302287,712809d96b863dfb0ecc47e0
1.171.53.138,AVAILABILITY,domains.list,domains.list,2001-07-01 20:28:51.307317,712809d96b863dfb0ecc47e0
1.171.53.174,AVAILABILITY,domains.list,domains.list,2001-07-01 20:28:51.312416,712809d96b863dfb0ecc47e0
1.171.53.65,AVAILABILITY,domains.list,domains.list,2001-07-01 20:28:51.317532,712809d96b863dfb0ecc47e0
1.171.55.235,AVAILABILITY,domains.list,domains.list,2001-07-01 20:28:51.322605,712809d96b863dfb0ecc47e0
1.171.56.38,AVAILABILITY,domains.list,domains.list,2001-07-01 20:28:51.327685,712809d96b863dfb0ecc47e0
1.171.58.157,AVAILABILITY,domains.list,domains.list,2001-07-01 20:28:51.332801,712809d96b863dfb0ecc47e0
1.171.58.17,AVAILABILITY,domains.list,domains.list,2001-07-01 20:28:51.337955,712809d96b863dfb0ecc47e0
1.171.58.178,AVAILABILITY,domains.list,domains.list,2001-07-01 20:28:51.343137,712809d96b863dfb0ecc47e0
1.171.59.155,AVAILABILITY,domains.list,domains.list,2001-07-01 20:28:51.348282,712809d96b863dfb0ecc47e0
1.171.60.181,AVAILABILITY,domains.list,domains.list,2001-07-01 20:28:51.353470,712809d96b863dfb0ecc47e0
1.171.60.54,AVAILABILITY,domains.list,domains.list,2001-07-01 20:28:51.358666,712809d96b863dfb0ecc47e0
1.171.60.65,AVAILABILITY,domains.list,domains.list,2001-07-01 20:28:51.363837,712809d96b863dfb0ecc47e0
1.171.61.235,AVAILABILITY,domains.list,domains.list,2001-07-01 20:28:51.369021,712809d96b863dfb0ecc47e0
1.171.61.91,AVAILABILITY,domains.list,domains.list,2001-07-01 20:28:51.374204,712809d96b863dfb0ecc47e0
1.171.62.213,AVAILABILITY,domains.list,domains.list,2001-07-01 20:28:51.379432,712809d96b863dfb0ecc47e0
1.171.62.5,AVAILABILITY,domains.list,domains.list,2001-07-01 20:28:51.384654,712809d96b863dfb0ecc47e0
1.171.62.55,AVAILABILITY,domains.list,domains.list,2001-07-01 20:28:51.389896,712809d96b863dfb0ecc47e0
1.171.63.60,AVAILABILITY,domains.list,domains.list,2001-07-01 20:28:51.395192,712809d96b863dfb0ecc47e0
1.171.68.107,AVAILABILITY,domains.list,domains.list,2001-07-01 20:28:51.400472,712809d96b863dfb0ecc47e0
1.171.70.93,AVAILABILITY,domains.list,domains.list,2001-07-01 20:28:51.405805,712809d96b863dfb0ecc47e0
1.171.76.153,AVAILABILITY,domains.list,domains.list,2001-07-01 20:28:51.411166,712809d96b863dfb0ecc47e0
1.171.76.226,AVAILABILITY,domains.list,domains.list,2001-07-01 20:28:51.416520,712809d96b863dfb0ecc47e0
1.171.79.248,AVAILABILITY,domains.list,domains.list,2001-07-01 20:28:51.421844,712809d96b863dfb0ecc47e0
1.171.96.128,AVAILABILITY,domains.list,domains.list,2001-07-01 20:28:51.427224,712809d96b863dfb0ecc47e0
1.171.96.185,AVAILABILITY,domains.list,domains.list,2001-07-01 20:28:51.432677,712809d96b863dfb0ecc47e0
1.171.98.20,AVAILABILITY,domains.list,domains.list,2001-07-01 20:28:51.438052,712809d96b863dfb0ecc47e0
1.171.98.37,AVAILABILITY,domains.list,domains.list,2001-07-01 20:28:51.443495,712809d96b863dfb0ecc47e0
1.172.148.119,AVAILABILITY,domains.list,domains.list,2001-07-01 20:28:51.448941,712809d96b863dfb0ecc47e0
1.172.190.34,AVAILABILITY,domains.list,domains.list,2001-07-01 20:28:51.454411,712809d96b863dfb0ecc47e0
1.172.232.194,AVAILABILITY,domains.list,domains.list,2001-07-01 20:28:51.459936,712809d96b863dfb0ecc47e0
1.172.253.145,AVAILABILITY,domains.list,domains.list,2001-07-01 20:28:51.465404,712809d96b863dfb0ecc47e0
1.172.5.197,AVAILABILITY,domains.list,domains.list,2001-07-01 20:28:51.470912,712809d96b863dfb0ecc47e0
1.173.123.216,AVAILABILITY,domains.list,domains.list,2001-07-01 20:28:51.476410,712809d96b863dfb0ecc47e0
1.173.181.233,AVAILABILITY,domains.list,domains.list,2001-07-01 20:28:51.481916,712809d96b863dfb0ecc47e0
1.173.252.53,AVAILABILITY,domains.list,domains.list,2001-07-01 20:28:51.487422,712809d96b863dfb0ecc47e0
1.173.38.164,AVAILABILITY,domains.list,domains.list,2001-07-01 20:28:51.492946,712809d96b863dfb0ecc47e0
1.173.75.170,AVAILABILITY,domains.list,domains.list,2001-07-01 20:28:51.498452,712809d96b863dfb0ecc47e0
1.174.142.129,AVAILABILITY,domains.list,domains.list,2001-07-01 20:28:51.503994,712809d96b863dfb0ecc47e0
1.174.194.194,AVAILABILITY,domains.list,domains.list,2001-07-01 20:28:51.509557,712809d96b863dfb0ecc47e0
1.174.201.78,AVAILABILITY,domains.list,domains.list,2001-07-01 20:28:51.515159,712809d96b863dfb0ecc47e0
1.174.26.103,AVAILABILITY,domains.list,domains.list,2001-07-01 20:28:51.520783,712809d96b863dfb0ecc47e0
1.174.78.78,AVAILABILITY,domains.list,domains.list,2001-07-01 20:28:51.526418,712809d96b863dfb0ecc47e0
1.175.1.29,AVAILABILITY,domains.list,domains.list,2001-07-01 20:28:51.532056,712809d96b863dfb0ecc47e0
1.175.119.141,AVAILABILITY,domains.list,domains.list,2001-07-01 20:28:51.537725,712809d96b863dfb0ecc47e0
1.175.124.31,AVAILABILITY,domains.list,domains.list,2001-07-01 20:28:51.543392,712809d96b863dfb0ecc47e0
1.175.238.75,AVAILABILITY,domains.list,domains.list,2001-07-01 20:28:51.549083,712809d96b863dfb0ecc47e0
1.175.44.252,AVAILABILITY,domains.list,domains.list,2001-07-01 20:28:51.554801,712809d96b863dfb0ecc47e0
1.176.134.242,AVAILABILITY,domains.list,domains.list,2001-07-01 20:28:51.560606,712809d96b863dfb0ecc47e0
1.176.214.4,AVAILABILITY,domains.list,domains.list,2001-07-01 20:28:51.566342,712809d96b863dfb0ecc47e0
1.179.136.7,AVAILABILITY,domains.list,domains.list,2001-07-01 20:28:51.572065,712809d96b863dfb0ecc47e0
1.179.148.171,AVAILABILITY,domains.list,domains.list,2001-07-01 20:28:51.577808,712809d96b863dfb0ecc47e0
1.179.150.133,AVAILABILITY,domains.list,domains.list,2001-07-01 20:28:51.583576,712809d96b863dfb0ecc47e0
1.179.156.158,AVAILABILITY,domains.list,domains.list,2001-07-01 20:28:51.589359,712809d96b863dfb0ecc47e0
1.179.170.123,AVAILABILITY,domains.list,domains.list,2001-07-01 20:28:51.595166,712809d96b863dfb0ecc47e0
1.179.175.22,AVAILABILITY,domains.list,domains.list,2001-07-01 20:28:51.600930,712809d96b863dfb0ecc47e0
1.179.177.241,AVAILABILITY,domains.list,domains.list,2001-07-01 20:28:51.606772,712809d96b863dfb0ecc47e0
